10849455
445998130
403705101
19913666006
1948749871
16495124211
5634617640
132529342
14149966
16597557294
19650471468
9006264465
16586667895
17877363098
18315501988
10813873
355259322
37115198
530422910
1348643748
5361514768
447643239
10789412
45067845
1699334297
19961071199
10804991
5515966483
1875365998
5466024976
5332699213
15949912052
18344913490
187893596
16902507901
3581036532
18375414744
18330567070
18334271931
18367568813
18319671041
18334201976
10403029
2866276773
2443413030
15480903239
15436773803
1663399873
5292283301
933628877
16936761439
16936761438
16926867163
16904209903
1532532728
178080458
5511062663
139323820
